104
0 -1 485 -1 -1 -1 197 747 684 313 130 495 638 137 924 179 966 -1 731 -1 568 -1 912 903 593 -1 288 889 -1 -1 316 677 584 -1 762 65 902 207 715 185 637 149 -1 2 808 284 274 358 402 -1 853 320 276 -1 -1 403 976 108 25 192 610 975 694 477 124 46 384 469 167 627 929 -1 -1 -1 173 344 412 741 838 516 68 375 204 581 258 620 613 634 -1 890 791 304 521 663 651 209 674 980 275 -1 728 789 84 -1
69 0 520 353 68 585 822 281 205 78 561 -1 -1 178 915 396 343 -1 763 34 -1 696 550 79 231 194 553 665 -1 470 209 -1 -1 472 162 44 161 997 125 956 -1 678 278 421 846 646 -1 296 -1 861 806 417 434 938 688 987 651 94 729 551 904 291 -1 197 60 408 336 83 -1 774 445 746 341 -1 786 958 978 763 -1 -1 700 -1 111 618 -1 767 979 -1 -1 -1 -1 127 490 804 302 486 924 356 -1 56 -1 166 440 70
153 554 0 -1 -1 286 977 133 753 245 65 -1 -1 -1 -1 828 -1 -1 -1 712 841 792 -1 280 -1 -1 575 -1 707 149 281 557 -1 329 -1 508 -1 852 -1 491 -1 -1 765 265 -1 182 579 417 726 -1 463 -1 37 -1 413 599 855 123 -1 455 924 947 -1 128 567 -1 829 744 597 713 -1 751 -1 701 -1 -1 635 847 291 51 -1 38 -1 -1 773 432 179 855 866 145 940 669 115 438 554 15 929 857 319 -1 92 354 718 204
373 303 685 0 -1 136 419 695 804 -1 85 855 982 972 -1 325 919 329 -1 74 599 883 246 -1 -1 899 -1 311 763 257 -1 567 83 165 686 888 903 -1 853 726 21 244 829 221 698 464 499 872 556 503 676 2 -1 315 956 -1 -1 109 714 762 -1 253 559 67 -1 938 97 249 603 565 201 374 -1 730 428 692 129 655 -1 -1 -1 583 -1 -1 720 799 297 -1 213 970 868 763 -1 542 147 -1 902 471 543 1000 907 938 669 640
-1 853 348 782 0 762 929 693 627 977 -1 395 524 718 617 774 -1 765 994 -1 342 754 729 447 527 10 851 563 -1 -1 342 867 893 947 757 854 -1 195 -1 713 -1 159 441 -1 750 132 831 749 834 186 959 937 487 144 -1 540 -1 312 559 247 985 -1 -1 660 415 -1 600 67 -1 550 753 755 201 435 -1 98 48 -1 -1 901 -1 16 -1 783 -1 382 120 677 376 -1 -1 324 -1 110 -1 560 461 800 377 616 852 526 841 107
670 333 -1 742 888 0 450 -1 863 409 736 773 556 -1 407 733 368 981 661 364 -1 457 919 31 264 -1 673 614 692 -1 432 546 15 678 752 -1 868 74 528 169 -1 787 -1 665 -1 630 893 399 -1 -1 635 715 -1 -1 21 685 156 971 751 552 11 906 35 947 593 -1 285 942 354 56 626 -1 69 438 806 -1 358 760 335 578 393 -1 737 99 457 729 497 688 754 -1 -1 795 84 792 -1 334 102 421 823 934 37 -1 479 -1
-1 639 960 -1 589 447 0 19 166 645 81 466 -1 288 876 476 420 276 280 819 659 180 565 964 719 903 -1 1000 779 26 -1 651 706 997 -1 -1 -1 219 905 -1 850 -1 165 22 413 288 680 706 -1 524 678 -1 26 -1 654 746 -1 435 266 278 901 792 -1 -1 77 848 32 -1 -1 510 -1 -1 150 541 -1 -1 372 92 -1 370 270 562 668 11 543 26 153 885 -1 772 482 198 781 5 -1 374 680 965 -1 985 588 830 5 -1
119 -1 154 569 579 661 40 0 584 -1 177 -1 493 -1 477 -1 456 985 950 930 250 657 70 289 947 747 980 706 171 941 27 -1 834 667 -1 238 645 9 657 889 -1 835 906 604 421 565 559 348 381 -1 -1 825 636 564 407 -1 836 -1 994 699 6 645 273 100 259 246 980 390 181 -1 744 312 -1 147 -1 -1 -1 811 417 -1 195 -1 -1 271 444 254 481 579 -1 484 -1 796 -1 294 -1 786 533 -1 -1 -1 859 -1 504 238
631 722 837 476 135 189 300 576 0 -1 -1 -1 405 -1 754 554 243 -1 -1 -1 288 781 512 226 918 963 461 -1 597 -1 981 -1 676 755 36 990 830 -1 152 -1 -1 260 789 468 81 863 877 101 -1 588 729 817 692 808 -1 138 684 39 877 824 930 271 166 343 355 558 306 407 943 -1 -1 420 191 288 -1 -1 759 -1 688 482 698 526 687 225 -1 477 533 600 -1 19 128 -1 708 -1 466 -1 154 -1 -1 -1 361 745 668 -1
779 -1 -1 568 424 -1 606 502 339 0 413 923 309 989 -1 349 476 229 -1 -1 593 -1 512 -1 368 700 672 689 539 -1 850 -1 838 350 63 284 974 651 185 -1 325 797 465 165 188 481 930 537 520 601 452 693 751 -1 -1 -1 -1 -1 609 598 999 -1 590 -1 422 457 852 624 -1 -1 -1 -1 725 893 -1 561 -1 362 -1 959 537 85 340 899 421 859 626 492 143 734 526 869 315 799 762 -1 650 638 855 -1 -1 373 72 -1
522 365 -1 -1 650 657 995 741 -1 502 0 907 417 981 497 133 -1 556 -1 77 -1 445 -1 94 618 409 -1 554 205 905 223 40 1000 -1 221 -1 -1 -1 314 -1 758 105 444 814 14 -1 -1 722 268 -1 419 983 921 -1 109 -1 92 512 324 -1 175 116 187 -1 -1 492 858 62 530 -1 300 -1 290 -1 980 460 642 31 309 150 553 856 122 -1 -1 -1 700 783 -1 -1 374 252 33 78 300 906 520 836 824 23 588 375 357 285
454 -1 179 29 838 875 -1 87 673 242 125 0 -1 148 265 813 15 72 44 283 925 20 997 827 684 -1 290 867 806 913 808 56 938 666 690 -1 -1 413 283 87 704 564 132 -1 -1 618 893 641 805 -1 94 959 383 316 859 280 -1 -1 792 75 749 588 248 343 626 287 688 72 972 445 452 45 744 -1 887 668 606 470 194 399 432 -1 -1 832 -1 -1 664 275 489 346 25 165 91 -1 -1 -1 614 323 502 203 958 830 892 17
285 418 16 -1 602 205 338 -1 115 492 733 -1 0 935 96 172 190 114 819 889 800 -1 401 234 71 184 543 327 19 -1 -1 -1 859 657 -1 771 236 759 57 1000 -1 -1 -1 -1 814 329 462 334 767 545 105 983 -1 -1 -1 80 486 67 -1 875 987 985 914 -1 375 545 437 103 248 96 79 831 562 -1 628 -1 854 652 -1 155 334 973 263 440 -1 -1 4 649 944 -1 454 606 -1 -1 382 432 -1 102 172 905 439 378 924 431
579 386 280 328 -1 -1 429 778 515 596 53 754 614 0 828 422 704 30 635 804 794 306 527 213 756 169 694 821 531 991 776 461 968 112 608 220 750 -1 628 744 366 452 516 -1 315 25 616 773 982 269 -1 877 265 110 -1 -1 -1 256 764 823 946 70 105 269 597 500 133 23 996 442 -1 583 -1 981 -1 745 125 415 997 427 647 743 349 173 -1 702 428 89 78 -1 -1 617 154 627 -1 -1 -1 -1 727 878 -1 917 -1 441
-1 -1 209 990 -1 419 -1 828 137 576 414 64 659 415 0 70 804 366 -1 398 651 432 939 820 381 -1 714 823 663 320 -1 87 801 -1 499 960 -1 50 140 -1 78 61 414 -1 -1 604 606 472 291 364 355 214 -1 -1 -1 -1 926 783 978 439 565 759 331 860 -1 684 623 577 -1 756 444 562 110 324 244 -1 34 372 -1 997 162 -1 493 69 129 -1 720 624 219 -1 680 777 266 -1 651 454 918 455 11 572 730 382 625 -1
-1 319 137 78 901 -1 -1 -1 779 241 421 824 53 -1 306 0 812 291 843 387 -1 -1 932 738 947 865 996 326 787 189 420 411 -1 222 530 -1 -1 748 -1 -1 752 711 705 152 924 763 -1 -1 477 901 56 -1 -1 795 990 565 -1 729 675 125 840 -1 -1 -1 630 616 225 931 594 806 968 -1 309 519 978 812 382 613 -1 77 315 945 696 -1 978 319 156 635 606 162 693 723 142 -1 106 -1 534 445 526 287 452 396 932 773
10 213 853 -1 576 508 255 -1 737 994 -1 519 728 -1 343 -1 0 626 603 225 460 185 -1 -1 532 495 585 522 251 172 665 38 241 557 917 114 -1 573 379 -1 490 -1 336 908 184 196 513 -1 411 980 408 -1 -1 48 168 259 269 815 71 798 -1 -1 564 938 -1 607 12 -1 14 274 748 -1 267 530 478 -1 940 681 -1 429 146 768 471 56 38 -1 462 785 -1 57 947 852 -1 395 865 452 855 945 49 194 1 164 -1 625
658 -1 714 246 863 665 89 -1 892 539 -1 614 -1 -1 347 834 362 0 487 717 222 683 433 -1 450 280 190 361 695 693 553 614 686 835 963 812 684 668 378 342 70 -1 -1 144 -1 838 -1 457 -1 71 271 120 212 826 -1 -1 216 500 459 553 539 575 852 19 -1 -1 170 116 892 806 521 300 -1 -1 902 999 -1 551 820 -1 283 481 -1 53 22 951 -1 890 42 248 -1 352 152 558 533 655 -1 724 87 639 609 312 425 593
390 780 -1 677 -1 828 500 828 697 131 870 -1 509 584 170 758 183 35 0 555 198 715 411 639 -1 597 73 921 648 451 831 28 -1 673 317 122 81 453 811 157 -1 698 -1 -1 124 -1 -1 337 980 650 939 679 -1 737 81 38 965 100 -1 119 44 293 80 -1 -1 223 -1 224 873 10 -1 -1 131 915 943 719 704 865 762 518 934 921 -1 893 671 859 -1 975 978 471 329 -1 48 530 -1 755 581 510 497 567 674 -1 896 403
441 457 638 227 526 911 742 -1 -1 217 481 632 352 935 245 370 957 814 -1 0 451 -1 852 263 397 -1 909 670 -1 104 69 307 711 832 197 -1 362 -1 812 -1 15 554 107 230 237 411 2 112 -1 -1 519 649 195 -1 556 549 62 381 744 878 -1 -1 -1 -1 303 45 -1 853 -1 371 861 -1 -1 -1 936 116 108 386 50 757 38 -1 81 578 748 -1 936 701 100 -1 101 791 759 605 534 113 592 520 461 -1 38 993 703 -1
755 53 257 -1 399 232 255 728 112 33 729 90 -1 480 566 -1 -1 498 600 694 0 -1 167 57 153 398 105 -1 -1 139 113 850 707 252 364 -1 -1 49 975 -1 142 818 368 -1 -1 938 -1 427 265 515 225 -1 -1 176 924 -1 972 988 40 -1 210 162 12 979 -1 757 119 313 -1 238 -1 765 -1 393 946 741 -1 574 624 -1 18 -1 996 -1 753 565 636 -1 873 -1 -1 -1 -1 30 591 -1 116 260 147 914 568 -1 740 263
218 346 636 171 206 954 957 991 11 254 -1 809 823 -1 333 867 178 -1 -1 450 -1 0 620 650 913 939 -1 933 444 967 346 277 241 -1 108 719 221 993 -1 -1 -1 38 745 237 -1 169 351 42 -1 717 -1 -1 41 65 -1 608 -1 -1 745 564 107 320 746 991 299 -1 692 -1 408 -1 717 459 -1 842 142 340 888 813 765 -1 862 420 358 -1 49 -1 809 264 -1 722 776 397 -1 88 973 318 459 747 862 151 983 -1 943 780
335 986 313 -1 62 -1 149 676 204 301 -1 973 610 141 723 887 243 128 704 563 154 549 0 -1 434 -1 989 267 321 267 714 578 870 933 830 362 -1 924 100 600 22 544 374 -1 71 197 80 96 -1 966 -1 429 98 186 65 -1 963 -1 337 698 947 282 267 59 92 3 -1 475 604 276 -1 -1 810 -1 -1 89 812 15 961 -1 -1 751 92 -1 597 535 277 -1 404 767 658 320 404 -1 215 154 734 823 93 -1 541 103 998 619
248 50 441 646 881 -1 20 294 -1 -1 515 442 263 499 753 -1 978 488 -1 537 976 236 828 0 959 250 723 278 -1 71 375 397 474 -1 804 365 638 970 -1 -1 -1 28 10 146 -1 415 537 313 901 832 859 229 875 -1 512 11 -1 920 73 889 960 -1 375 486 -1 920 -1 103 298 732 749 352 874 736 634 696 855 -1 355 134 -1 34 699 941 -1 -1 27 548 799 739 614 943 793 398 334 -1 276 802 675 104 243 -1 832 375
762 631 845 677 546 -1 943 462 821 -1 -1 142 276 331 854 702 957 -1 -1 415 327 481 -1 301 0 -1 768 653 846 -1 -1 864 -1 195 141 -1 981 -1 -1 -1 959 -1 -1 -1 -1 -1 221 -1 341 784 959 -1 -1 96 -1 -1 439 770 58 390 773 -1 17 -1 77 571 731 899 894 98 155 818 835 464 -1 521 195 935 292 915 379 564 948 63 -1 920 509 456 164 934 246 852 581 342 710 94 23 618 258 952 217 333 -1 788
164 -1 495 74 434 764 833 -1 279 145 -1 683 290 917 209 -1 856 337 168 865 449 628 326 639 877 0 -1 22 -1 56 812 -1 669 -1 603 -1 291 126 692 114 298 931 558 281 459 330 -1 -1 -1 749 812 222 454 57 8 323 188 976 210 16 -1 489 665 431 -1 574 -1 -1 118 152 309 555 930 -1 470 -1 576 405 711 432 -1 954 452 869 361 42 757 798 -1 466 451 715 484 28 586 655 -1 86 898 -1 766 -1 372 680
521 -1 743 690 -1 -1 503 750 532 268 352 272 119 503 324 -1 529 87 552 144 923 6 190 -1 719 763 0 366 559 -1 677 993 -1 37 352 309 -1 543 213 -1 218 124 923 46 -1 411 91 344 250 383 -1 -1 425 266 -1 808 -1 273 984 835 41 -1 77 9 650 625 -1 665 81 -1 857 374 -1 533 -1 -1 -1 233 58 316 32 -1 -1 674 150 415 -1 917 -1 25 -1 750 168 694 -1 269 -1 326 29 817 -1 208 406 -1
-1 865 736 521 250 861 726 829 933 -1 998 631 889 503 6 -1 -1 749 226 312 383 633 284 17 595 62 707 0 818 -1 706 642 844 462 -1 38 608 -1 -1 123 -1 406 650 806 948 -1 358 907 724 -1 781 -1 -1 145 279 138 796 102 112 155 746 -1 -1 -1 -1 403 100 606 -1 386 -1 979 -1 610 249 707 41 191 805 997 -1 689 -1 -1 511 -1 116 -1 853 -1 -1 833 441 672 802 421 293 608 668 523 408 799 215 386
927 183 422 367 463 593 -1 -1 -1 785 27 703 254 861 561 463 869 -1 459 922 995 797 -1 741 -1 106 306 -1 0 37 323 958 538 666 921 444 696 524 417 75 193 650 273 724 -1 761 38 973 -1 842 938 124 365 804 -1 221 524 596 447 963 738 655 95 899 616 909 -1 23 860 499 276 236 471 -1 162 288 771 -1 425 2 772 -1 609 -1 88 615 91 -1 366 549 234 -1 -1 60 223 332 -1 205 425 -1 507 -1 145 582
323 575 389 185 572 -1 318 112 357 21 1000 386 52 264 389 863 962 426 -1 763 -1 -1 250 4 -1 895 118 95 -1 0 -1 -1 820 707 -1 346 667 200 256 -1 740 -1 989 247 415 -1 532 993 824 -1 995 -1 -1 420 761 857 881 784 204 682 755 957 -1 855 827 51 672 -1 276 442 544 485 865 216 508 15 -1 122 271 239 -1 66 448 996 -1 271 856 885 155 626 203 83 -1 623 465 557 680 -1 745 -1 812 243 622 81
468 798 820 -1 797 631 77 -1 -1 473 549 -1 294 -1 457 463 130 762 -1 604 969 590 571 608 472 666 -1 80 -1 -1 0 -1 9 -1 517 23 372 -1 237 987 -1 928 436 142 -1 666 486 -1 726 -1 612 159 -1 485 387 464 797 494 -1 773 559 733 240 273 -1 219 627 -1 -1 23 889 693 66 134 62 567 -1 805 845 -1 -1 286 160 992 -1 504 173 739 -1 431 801 524 999 581 604 -1 -1 922 -1 559 42 485 631 727
217 -1 952 309 -1 184 534 -1 68 83 439 65 -1 558 872 68 734 9 963 254 -1 358 -1 476 512 50 257 -1 964 -1 878 0 680 409 956 245 796 595 119 759 658 549 -1 950 368 966 799 561 -1 662 -1 617 954 -1 864 263 413 -1 -1 311 -1 423 966 91 825 -1 386 -1 -1 625 368 487 904 530 683 242 364 -1 658 484 468 906 -1 120 516 780 829 182 798 -1 328 402 196 -1 -1 71 74 970 -1 -1 185 698 458 -1
950 -1 483 642 206 -1 -1 942 944 167 624 568 -1 -1 820 -1 869 448 636 -1 479 521 151 792 685 -1 628 609 338 -1 -1 685 0 -1 705 970 398 630 865 -1 737 880 76 499 344 874 -1 212 -1 142 -1 595 -1 564 43 221 -1 681 347 -1 -1 688 10 450 73 310 610 -1 -1 740 747 -1 690 680 968 943 988 738 594 861 942 864 362 657 275 146 -1 530 593 -1 855 -1 149 943 251 648 655 36 303 715 -1 473 896 776
499 744 372 380 98 -1 -1 143 799 -1 -1 -1 774 58 -1 795 -1 690 598 -1 8 939 237 57 562 -1 -1 -1 987 -1 223 -1 -1 0 326 -1 -1 141 162 632 257 641 721 -1 -1 -1 427 750 600 127 310 99 72 635 419 -1 -1 301 800 402 12 212 191 297 824 -1 950 336 -1 -1 768 97 153 719 66 847 881 719 757 52 155 921 369 761 -1 569 38 615 159 771 797 405 -1 950 344 433 507 738 990 648 515 671 -1 678
6 379 394 378 31 99 203 38 662 -1 440 498 69 356 44 768 668 420 349 172 977 596 234 972 116 222 266 993 730 -1 -1 -1 896 29 0 586 551 347 213 643 963 -1 -1 -1 417 414 789 72 459 995 95 -1 -1 99 200 722 194 890 765 160 846 684 962 370 -1 828 689 30 -1 679 222 633 126 98 869 1 -1 847 511 269 827 -1 6 716 266 203 567 822 71 728 -1 949 666 -1 512 720 -1 -1 -1 557 504 -1 860 63
705 -1 -1 179 177 780 206 508 723 170 340 198 982 694 424 -1 838 592 154 996 -1 606 840 57 49 717 924 643 598 103 102 195 716 579 -1 0 -1 529 750 621 -1 30 344 355 -1 763 909 531 2 240 971 59 488 653 800 501 -1 148 980 961 108 801 656 897 865 258 850 470 51 756 992 -1 764 770 -1 965 -1 72 -1 86 531 298 213 806 118 165 -1 272 162 -1 277 33 -1 349 -1 420 -1 858 -1 839 328 824 466 -1
982 -1 254 795 718 368 263 450 914 -1 317 644 269 -1 -1 88 137 -1 118 -1 723 658 420 475 -1 358 378 543 -1 620 -1 888 -1 -1 749 695 0 -1 165 -1 239 983 795 173 460 637 -1 -1 590 503 631 646 301 980 874 863 768 274 800 515 735 854 163 254 448 89 498 176 832 496 302 956 -1 229 611 36 383 139 525 359 296 717 -1 803 -1 -1 760 691 -1 998 -1 -1 650 226 -1 -1 47 713 715 198 241 86 68 20
745 96 -1 -1 285 671 924 971 855 -1 919 289 840 934 735 525 -1 -1 169 674 193 610 789 301 -1 305 586 810 167 67 436 254 -1 -1 138 495 -1 0 820 -1 -1 -1 910 551 893 836 85 -1 -1 499 418 999 563 349 377 733 14 -1 794 409 109 714 541 751 952 -1 427 322 792 -1 492 552 372 699 -1 845 838 347 379 -1 922 620 115 652 329 -1 565 -1 205 556 438 904 803 56 840 846 33 966 345 11 315 777 608 -1
812 823 678 -1 896 785 50 901 828 -1 793 -1 225 706 342 936 214 113 674 483 143 37 33 254 333 -1 699 210 -1 861 692 652 503 830 23 467 -1 -1 0 -1 697 619 845 819 -1 -1 -1 683 7 448 96 678 316 918 362 194 345 718 398 779 -1 -1 125 261 871 53 670 -1 699 436 -1 125 455 939 450 86 563 851 271 176 486 855 419 742 574 326 615 48 472 572 -1 9 612 -1 -1 847 74 133 936 242 116 384 457 626
913 730 970 299 473 555 -1 401 881 924 770 296 -1 -1 964 883 -1 141 -1 222 120 993 47 356 62 983 942 348 556 644 774 94 -1 846 -1 643 870 296 915 0 469 886 82 175 478 86 -1 -1 -1 995 798 179 503 637 928 519 17 -1 991 491 670 -1 499 532 759 587 -1 384 533 609 15 166 -1 659 -1 268 420 546 -1 992 311 823 -1 409 -1 -1 -1 77 591 888 184 180 841 109 569 213 991 949 430 74 531 163 933 197
906 1 440 283 329 946 961 259 65 605 681 113 628 238 -1 434 124 -1 565 968 939 590 -1 -1 746 854 417 656 -1 120 115 897 964 462 550 -1 210 202 568 736 0 693 323 996 3 188 475 604 -1 278 424 975 -1 977 907 682 321 -1 -1 -1 963 301 265 241 778 357 181 237 76 928 540 321 -1 146 -1 434 217 -1 517 280 690 949 742 308 239 803 -1 217 299 -1 -1 -1 501 820 272 973 369 -1 410 908 -1 910 458 106
-1 295 -1 946 48 103 793 506 841 852 -1 811 423 506 331 -1 830 927 805 417 825 839 715 553 695 -1 898 835 275 130 -1 812 -1 -1 343 771 815 600 2 269 69 0 -1 116 689 -1 875 -1 -1 554 -1 365 731 860 776 252 957 667 862 815 374 656 294 288 726 623 73 224 345 240 -1 843 748 805 -1 539 36 588 677 920 303 -1 926 864 -1 18 -1 610 -1 452 898 375 889 -1 -1 880 -1 908 237 172 -1 449 229 -1
-1 26 -1 810 659 381 106 138 819 -1 -1 730 676 83 550 1000 -1 65 273 438 251 138 300 440 524 593 114 665 75 408 531 977 882 -1 -1 482 985 -1 -1 67 -1 506 0 383 550 485 -1 458 315 -1 846 328 -1 369 -1 -1 410 934 619 830 858 861 337 360 -1 169 531 -1 728 338 462 88 259 -1 545 738 972 753 429 -1 311 732 861 408 -1 135 441 217 569 108 -1 4 48 882 4 395 438 -1 521 240 342 366 -1 158
160 879 466 660 557 721 25 781 412 828 443 30 -1 865 988 931 -1 289 316 174 576 385 520 723 533 574 276 -1 657 -1 -1 847 681 -1 647 443 172 641 49 -1 568 468 670 0 497 581 -1 238 839 136 791 725 -1 -1 454 486 654 823 454 867 -1 172 715 738 -1 -1 463 162 593 996 -1 515 366 632 238 770 118 420 159 -1 -1 383 -1 409 53 874 52 -1 213 564 735 949 353 15 57 272 79 828 -1 430 234 496 832 328
-1 710 -1 -1 24 -1 376 134 818 469 351 -1 515 993 178 935 362 -1 922 25 336 773 939 -1 -1 -1 254 166 -1 478 913 191 951 -1 586 767 -1 62 -1 -1 -1 526 387 212 0 723 -1 888 -1 718 520 194 441 805 292 278 985 48 354 -1 -1 950 -1 672 -1 911 70 401 -1 946 910 616 504 917 876 197 -1 473 -1 422 -1 445 334 883 335 696 -1 507 440 1 13 92 92 -1 267 -1 -1 -1 561 331 737 928 373 540
-1 46 581 595 533 966 307 268 -1 936 -1 -1 860 542 325 -1 697 331 -1 728 752 412 132 943 933 -1 857 105 -1 601 565 472 -1 263 -1 945 -1 672 266 446 402 -1 305 -1 474 0 56 878 531 250 873 337 779 -1 644 806 461 -1 703 195 486 973 469 890 713 99 147 805 809 163 226 397 466 -1 168 220 140 380 943 692 -1 463 786 -1 590 870 -1 461 611 -1 -1 33 947 601 529 734 722 -1 362 132 -1 92 395 735
788 373 755 -1 -1 758 177 829 -1 -1 684 406 -1 73 -1 878 889 -1 976 953 267 277 230 104 -1 166 -1 654 683 851 788 575 153 404 -1 379 973 938 880 256 388 589 -1 236 289 422 0 657 -1 -1 723 -1 -1 45 -1 68 -1 357 339 61 -1 372 931 161 -1 431 993 470 21 26 670 618 -1 398 198 675 -1 11 987 146 97 704 895 -1 -1 806 -1 183 929 -1 805 512 -1 715 832 529 668 -1 869 -1 925 72 -1 436
443 312 -1 917 427 567 709 -1 -1 314 586 -1 777 46 478 26 942 -1 384 890 129 731 224 -1 932 -1 823 987 926 536 869 956 219 -1 -1 335 -1 -1 -1 17 786 309 100 714 414 756 -1 0 -1 61 800 371 472 500 814 742 288 475 -1 136 132 572 -1 -1 656 -1 587 -1 -1 330 242 -1 93 947 -1 336 856 36 297 19 818 220 926 918 -1 -1 251 505 795 936 584 899 575 784 641 -1 11 25 -1 424 262 -1 926 673
399 714 803 -1 767 945 -1 -1 303 -1 511 967 800 -1 358 3 532 -1 451 671 34 29 592 300 307 587 187 -1 154 838 293 456 327 544 142 153 872 686 569 879 -1 258 302 -1 988 869 -1 514 0 607 -1 946 533 894 -1 118 781 -1 257 435 185 -1 981 31 980 432 -1 38 -1 -1 412 -1 658 -1 -1 267 823 258 -1 352 -1 -1 265 425 302 330 265 206 -1 970 -1 627 399 -1 400 589 -1 577 960 -1 224 530 61 -1
558 -1 -1 430 733 752 419 463 902 -1 911 675 374 376 222 -1 282 -1 -1 250 -1 679 38 366 747 562 -1 302 680 -1 301 844 687 -1 -1 -1 701 -1 -1 318 980 232 297 54 -1 -1 286 312 -1 0 693 -1 537 -1 953 -1 651 -1 539 444 558 315 -1 998 540 227 -1 891 -1 -1 461 471 -1 -1 33 74 358 240 -1 149 714 551 283 952 618 752 82 570 -1 -1 214 59 357 505 959 718 537 473 493 880 616 -1 719 263
-1 744 -1 -1 -1 260 200 961 642 588 -1 371 -1 215 823 647 192 -1 806 -1 901 -1 209 614 -1 944 -1 -1 -1 885 -1 607 -1 821 864 934 726 809 419 784 964 -1 577 -1 -1 -1 -1 457 638 972 0 102 -1 389 951 761 324 -1 94 695 198 574 695 998 80 848 -1 171 49 727 410 -1 522 -1 794 231 309 224 700 41 347 809 -1 525 736 149 915 31 752 999 697 120 274 947 -1 648 -1 995 188 297 247 -1 747 518
37 787 811 637 148 401 -1 373 306 125 821 798 -1 396 -1 142 495 -1 307 482 -1 470 138 -1 235 369 496 104 278 296 494 599 833 -1 10 272 -1 92 302 101 682 672 18 859 17 240 -1 733 832 892 169 0 -1 792 -1 -1 540 569 252 678 652 442 168 350 474 492 -1 695 -1 -1 677 6 454 145 808 123 165 -1 -1 190 379 623 825 -1 -1 970 134 538 7 415 -1 911 591 158 562 412 -1 685 743 640 864 628 295 -1
833 214 689 510 61 997 99 771 331 547 -1 206 879 -1 506 738 813 541 649 -1 158 815 177 708 802 417 116 -1 321 505 -1 11 955 -1 876 -1 524 -1 34 -1 643 -1 702 992 607 90 990 630 503 856 -1 484 0 677 950 -1 -1 586 -1 580 -1 281 283 581 345 283 416 609 984 -1 819 444 524 927 933 919 391 496 -1 751 -1 -1 731 202 547 111 674 52 969 771 152 600 210 148 310 910 -1 47 890 -1 -1 715 850 895
1000 695 -1 10 -1 961 764 634 84 -1 496 -1 -1 898 711 -1 932 320 212 319 895 267 488 757 1 784 590 932 419 496 997 800 321 106 141 437 710 10 -1 -1 152 -1 935 448 -1 46 637 -1 633 510 48 369 472 0 -1 859 421 754 -1 -1 -1 -1 192 642 103 339 283 371 559 57 3 362 705 704 -1 457 -1 714 -1 -1 -1 -1 664 353 101 52 997 456 852 744 956 -1 -1 573 468 54 -1 375 -1 689 528 -1 628 209
729 610 22 877 375 -1 385 651 999 736 430 70 32 -1 189 -1 750 322 339 293 684 132 603 961 -1 311 159 386 284 418 69 808 707 984 876 271 -1 150 537 984 356 160 565 48 9 720 -1 30 985 289 -1 165 336 -1 0 837 -1 940 673 6 -1 -1 558 -1 -1 963 511 -1 -1 622 -1 294 67 813 43 -1 218 782 234 427 61 898 -1 860 116 -1 -1 470 -1 763 698 310 912 447 -1 -1 371 719 -1 131 -1 -1 738 698
332 583 -1 214 119 784 526 441 824 -1 546 622 601 179 -1 916 567 -1 873 896 268 965 946 56 -1 -1 816 -1 713 551 755 585 523 -1 90 -1 -1 28 -1 295 123 -1 219 480 258 683 360 -1 118 96 921 555 707 499 554 0 827 -1 -1 -1 -1 -1 256 625 -1 660 154 846 439 -1 -1 910 373 -1 224 663 814 931 239 633 42 711 621 341 663 906 936 -1 -1 341 -1 564 938 282 -1 748 546 589 341 127 -1 467 -1 430
437 654 -1 995 -1 910 -1 279 952 685 475 987 109 -1 421 710 -1 492 727 -1 731 238 306 872 -1 161 -1 197 182 441 72 -1 493 252 -1 743 900 879 746 197 615 507 -1 915 776 -1 -1 809 811 -1 -1 473 52 170 545 564 0 569 75 646 126 74 489 -1 -1 940 -1 -1 510 -1 -1 953 979 846 594 -1 162 474 -1 968 475 -1 -1 593 -1 -1 -1 489 543 -1 876 -1 206 452 736 831 -1 657 -1 -1 342 368 878 455
548 154 734 685 -1 291 977 597 305 313 84 -1 411 663 81 793 206 -1 359 460 -1 421 904 744 -1 808 962 609 -1 357 902 936 910 221 420 178 758 611 821 116 -1 650 516 195 -1 710 -1 -1 203 297 179 -1 951 108 573 -1 750 0 128 -1 991 325 828 982 932 702 368 -1 832 60 634 221 -1 733 900 26 -1 16 47 -1 917 699 -1 753 92 -1 275 50 573 608 -1 692 677 132 -1 499 231 344 929 347 -1 442 403 370
480 -1 107 475 759 -1 -1 712 -1 210 338 -1 836 -1 535 -1 -1 312 758 -1 -1 789 696 309 615 492 953 645 787 799 170 695 580 31 746 924 729 500 -1 809 534 199 354 68 884 -1 604 381 625 521 850 795 -1 875 -1 651 944 641 0 -1 415 654 270 -1 287 156 142 -1 662 180 933 564 492 458 290 239 723 683 839 265 -1 108 -1 -1 -1 -1 615 822 432 -1 -1 969 400 148 158 -1 163 17 -1 633 61 -1 22 -1
312 216 -1 -1 961 -1 -1 -1 989 367 709 196 315 -1 785 -1 846 -1 -1 630 882 290 840 678 -1 -1 772 -1 138 866 -1 88 531 88 662 -1 18 645 736 381 -1 20 676 88 464 -1 235 925 -1 -1 83 666 -1 950 241 172 891 416 579 0 473 683 404 509 733 263 -1 842 433 879 457 600 226 503 -1 197 486 -1 521 -1 667 -1 751 924 984 -1 -1 272 423 741 691 658 -1 708 314 114 -1 46 732 161 600 220 849 351
10 -1 103 889 -1 786 216 436 -1 317 38 909 976 178 961 -1 636 378 -1 576 790 -1 297 994 480 -1 823 -1 -1 912 -1 239 616 58 556 -1 286 833 -1 974 -1 270 356 461 757 233 495 562 -1 660 -1 69 291 874 507 437 31 -1 652 67 0 -1 203 190 451 -1 12 -1 23 -1 444 -1 557 913 835 -1 217 476 612 357 96 60 52 812 768 790 -1 233 -1 141 475 504 670 693 -1 304 647 -1 248 664 327 418 301 435
791 384 348 837 34 922 3 381 -1 553 106 -1 -1 -1 311 909 84 785 725 -1 72 992 764 -1 489 759 -1 617 -1 -1 261 -1 76 707 823 383 663 479 531 -1 -1 620 703 212 -1 103 -1 -1 502 -1 684 926 532 532 707 372 -1 254 876 13 -1 0 825 -1 856 352 717 -1 -1 888 357 507 161 162 144 421 -1 297 456 -1 -1 981 136 247 599 279 339 386 761 -1 533 834 53 424 550 303 202 767 422 344 248 551 -1 157
101 -1 229 -1 -1 828 -1 604 217 -1 651 752 -1 525 883 -1 677 646 855 263 570 924 904 798 706 -1 594 436 530 -1 406 752 991 -1 989 106 908 -1 -1 856 653 255 16 8 -1 796 225 514 973 -1 316 -1 304 893 950 -1 700 384 638 926 -1 286 0 -1 81 -1 432 754 738 -1 487 374 -1 -1 830 -1 529 -1 -1 -1 678 114 -1 78 227 903 807 766 -1 836 668 263 941 76 973 991 -1 -1 -1 418 -1 -1 384 181
97 293 884 -1 -1 904 880 551 966 -1 514 499 863 -1 116 -1 499 319 -1 306 -1 541 -1 -1 920 389 436 128 358 -1 209 641 -1 -1 901 959 206 778 523 -1 540 -1 -1 111 269 69 834 388 986 -1 462 416 240 181 -1 958 342 767 -1 383 1 960 808 0 83 94 275 354 -1 769 587 630 961 394 901 535 543 143 833 442 475 984 653 -1 -1 -1 345 262 172 798 38 363 -1 153 211 77 686 285 248 32 948 993 953 884
706 588 917 530 -1 682 938 336 366 -1 525 235 55 516 805 933 609 919 806 938 652 -1 -1 954 -1 285 450 938 -1 198 372 -1 528 638 140 486 434 977 -1 642 -1 -1 185 232 983 888 673 -1 44 -1 571 236 -1 864 858 -1 187 -1 828 -1 -1 442 357 421 0 630 864 900 566 477 -1 613 949 977 -1 163 -1 342 -1 468 949 805 -1 786 878 627 121 612 209 -1 -1 -1 165 -1 680 -1 373 863 207 16 531 501 -1 56
395 359 245 583 -1 97 236 629 -1 -1 -1 759 -1 921 827 293 412 734 651 -1 9 275 290 39 641 571 -1 924 591 122 731 666 978 -1 63 633 430 -1 56 174 -1 -1 101 335 739 511 -1 -1 896 931 -1 -1 341 322 147 -1 139 250 -1 -1 397 -1 656 16 760 0 779 510 698 586 700 97 -1 595 -1 734 -1 158 -1 -1 413 914 726 674 791 -1 -1 262 402 251 292 370 640 971 447 -1 -1 387 -1 300 783 837 102 498
-1 402 858 349 -1 70 915 -1 -1 475 -1 822 831 227 661 182 991 896 598 -1 -1 301 -1 575 694 -1 402 849 576 517 900 751 -1 285 622 558 -1 207 -1 507 -1 433 975 452 268 -1 195 187 -1 929 486 -1 148 910 -1 77 870 769 332 384 179 34 839 992 -1 -1 0 438 351 730 -1 911 478 -1 741 429 -1 113 531 944 -1 93 506 -1 394 209 730 940 256 72 -1 450 -1 231 571 803 -1 99 267 781 627 165 760 88
667 201 -1 637 83 171 -1 93 357 471 419 -1 199 624 24 861 422 418 358 616 737 159 715 -1 74 248 524 984 -1 843 -1 -1 830 -1 -1 686 234 23 -1 -1 603 17 260 743 -1 990 985 -1 -1 815 -1 -1 106 -1 709 385 829 494 -1 97 887 23 860 572 -1 556 -1 0 108 906 18 428 72 754 -1 513 259 306 269 44 930 445 300 -1 281 936 139 902 675 -1 428 -1 941 432 852 943 849 204 612 -1 964 878 922 265
669 253 -1 33 -1 325 270 430 941 276 906 719 467 225 457 112 77 256 -1 -1 -1 -1 -1 685 676 812 623 378 772 449 65 938 291 871 864 619 127 905 945 -1 973 125 598 452 763 128 114 414 -1 201 264 746 607 773 154 -1 467 -1 944 672 918 696 478 432 937 -1 489 602 0 497 510 959 -1 -1 824 420 987 921 804 968 749 554 427 526 313 818 -1 -1 880 51 -1 226 774 486 396 -1 667 938 214 954 405 906 -1 -1
878 754 -1 -1 565 382 484 549 251 311 -1 -1 36 442 -1 198 844 184 496 -1 604 -1 521 264 59 485 74 864 226 729 256 462 945 -1 480 215 -1 -1 909 42 446 894 462 989 14 180 411 731 165 128 -1 608 173 398 560 384 25 -1 941 790 -1 803 308 22 713 -1 248 -1 855 0 796 943 721 477 -1 -1 169 794 734 470 37 -1 410 230 665 -1 715 589 62 760 89 942 -1 -1 984 453 -1 922 -1 51 753 -1 718 531
272 956 979 893 279 -1 319 -1 654 968 110 -1 453 448 -1 150 685 641 597 -1 575 686 417 92 735 740 -1 110 166 802 -1 358 384 972 976 660 720 710 625 923 564 -1 303 -1 765 116 47 435 507 91 233 757 -1 -1 831 233 175 522 516 392 -1 -1 658 60 -1 494 42 902 896 628 0 955 322 40 530 649 414 363 691 836 929 189 703 437 -1 684 81 230 496 -1 623 824 85 465 415 669 160 -1 -1 -1 548 511 384 778
368 350 944 837 803 494 923 -1 429 -1 588 -1 -1 631 570 -1 953 432 405 118 86 -1 495 913 291 280 -1 592 555 -1 194 907 976 -1 13 -1 770 601 220 -1 66 811 -1 -1 37 -1 628 -1 480 360 907 642 190 811 -1 297 -1 868 -1 -1 -1 871 856 726 -1 353 -1 -1 -1 60 986 0 140 -1 145 100 264 -1 131 -1 416 68 -1 640 820 534 171 979 568 -1 59 -1 556 291 350 612 -1 809 243 352 867 -1 -1 -1
944 136 90 238 -1 6 669 -1 847 756 274 618 -1 197 393 404 -1 470 963 -1 404 539 -1 897 792 -1 -1 782 799 721 928 -1 -1 633 203 483 97 628 201 937 -1 833 554 -1 543 351 361 109 -1 73 648 994 -1 18 84 -1 284 203 -1 -1 608 559 844 -1 185 -1 -1 217 70 600 2 160 0 185 15 878 302 694 -1 995 445 463 23 895 608 89 445 969 -1 -1 649 353 297 402 695 603 -1 47 503 -1 -1 603 853 360
245 788 -1 126 -1 -1 457 -1 210 527 433 690 445 187 -1 -1 -1 290 -1 109 -1 -1 -1 -1 374 -1 204 -1 36 104 620 480 718 -1 -1 -1 -1 749 -1 689 687 -1 935 -1 -1 -1 587 182 899 667 475 292 624 989 540 980 856 -1 894 -1 829 299 -1 885 316 603 763 294 409 -1 976 -1 868 0 854 253 150 118 327 221 613 -1 929 -1 99 942 686 525 -1 293 193 759 295 40 -1 315 580 989 -1 211 -1 34 970 667
677 687 835 -1 877 436 335 668 494 367 479 427 -1 378 658 49 706 -1 392 52 975 -1 411 669 823 435 -1 166 85 -1 819 554 373 503 31 821 -1 805 756 197 159 85 220 787 541 682 42 926 -1 880 156 795 -1 622 -1 -1 -1 353 429 76 62 -1 799 -1 832 444 661 265 387 -1 534 -1 155 -1 0 884 88 931 949 991 -1 142 -1 -1 -1 -1 511 -1 776 -1 548 987 508 824 729 682 904 903 601 433 868 67 93 -1
808 456 251 -1 546 -1 -1 -1 173 224 949 29 786 312 274 -1 717 -1 397 -1 204 476 -1 -1 593 94 490 710 440 644 680 982 676 152 -1 26 -1 251 415 636 451 605 -1 94 423 179 -1 -1 -1 -1 830 783 59 53 667 686 961 646 566 -1 814 649 -1 -1 731 767 730 -1 -1 359 694 -1 129 225 561 0 -1 -1 136 782 11 340 489 -1 -1 519 303 281 102 336 587 889 982 -1 910 483 492 117 865 755 -1 328 547 231
624 86 22 774 482 63 -1 421 122 189 178 -1 933 -1 612 841 90 569 456 147 300 -1 407 141 244 896 696 -1 452 -1 824 228 295 -1 -1 -1 -1 472 749 270 -1 -1 980 -1 223 345 -1 533 -1 341 934 255 -1 -1 93 -1 695 137 229 951 434 594 857 579 160 998 452 -1 599 819 58 848 -1 -1 65 708 0 54 -1 -1 142 544 366 -1 829 424 207 230 444 -1 706 471 298 765 -1 818 -1 505 753 -1 -1 233 298 970
-1 -1 863 390 352 6 462 62 660 396 737 610 -1 3 885 -1 299 239 817 -1 207 79 940 -1 595 692 437 169 -1 131 -1 485 874 -1 172 870 72 817 257 635 -1 101 518 100 231 478 -1 842 586 432 146 577 397 689 -1 -1 812 846 715 829 439 89 963 -1 804 97 997 463 996 -1 995 264 167 590 739 -1 919 0 141 603 366 61 -1 158 173 300 571 175 349 245 513 878 842 521 72 662 289 34 -1 543 972 945 41 -1
-1 125 554 275 221 -1 -1 -1 993 321 549 278 418 -1 -1 48 8 988 818 -1 -1 203 205 824 930 183 904 928 464 -1 882 -1 945 513 525 88 501 624 303 -1 126 629 148 61 182 466 954 370 643 -1 946 -1 385 440 593 386 -1 -1 738 -1 -1 -1 729 608 704 -1 -1 66 44 208 -1 147 7 161 431 76 410 147 0 402 510 181 -1 526 744 173 57 480 526 -1 -1 717 541 831 376 662 -1 235 389 119 292 475 344 291
445 249 -1 712 -1 604 830 763 -1 920 718 -1 484 750 578 362 541 645 -1 245 -1 308 981 849 382 691 -1 320 819 65 -1 192 15 -1 555 720 647 284 -1 745 -1 945 268 165 141 417 822 -1 260 -1 274 -1 -1 -1 -1 424 799 463 804 308 601 7 -1 148 -1 458 659 -1 -1 330 963 543 225 281 376 797 870 -1 470 0 637 145 539 594 980 400 620 329 -1 127 269 313 -1 109 371 -1 -1 -1 146 444 -1 -1 -1 684
-1 83 783 -1 495 565 417 96 -1 -1 -1 548 -1 92 593 863 -1 628 629 966 833 907 946 539 471 177 38 -1 -1 -1 972 273 249 789 115 470 908 -1 359 996 845 385 747 901 -1 426 -1 749 -1 313 -1 453 77 956 302 639 631 315 520 494 965 403 171 461 519 584 898 2 430 -1 83 -1 -1 131 408 -1 459 1 844 385 0 877 -1 -1 132 911 -1 912 36 296 72 211 91 807 -1 -1 177 451 940 -1 136 -1 619 -1
999 727 315 351 370 995 668 -1 844 -1 -1 948 302 604 -1 56 992 830 7 693 -1 395 576 -1 499 414 836 916 106 213 -1 673 714 710 -1 51 775 823 490 907 728 -1 494 641 252 757 763 -1 435 677 -1 469 578 465 -1 797 72 976 460 -1 -1 421 46 404 86 -1 873 991 -1 459 779 556 224 966 406 -1 865 146 846 -1 -1 0 -1 -1 255 -1 127 712 928 913 600 509 819 822 -1 971 -1 117 741 -1 -1 809 516 -1
642 349 514 728 471 80 -1 258 942 789 271 -1 11 -1 272 258 538 780 -1 595 114 561 222 -1 587 750 -1 -1 615 146 609 494 -1 103 229 -1 353 745 56 607 640 571 848 811 209 -1 706 382 773 410 985 223 342 231 221 641 993 134 438 -1 -1 -1 -1 -1 70 -1 140 -1 -1 -1 421 362 879 490 100 258 835 -1 758 304 603 55 0 441 459 107 481 668 960 897 416 289 771 92 450 -1 -1 -1 211 745 564 361 397 976
923 -1 849 -1 264 432 -1 -1 613 888 -1 992 313 951 31 -1 526 830 -1 104 289 -1 783 544 441 652 -1 539 -1 -1 72 -1 -1 247 263 -1 -1 2 587 307 762 361 -1 927 -1 578 -1 468 44 -1 -1 346 27 -1 199 -1 553 693 748 123 632 130 628 487 215 949 302 -1 -1 3 723 614 261 497 -1 597 649 207 569 782 602 674 586 0 208 672 405 281 699 522 537 742 -1 742 608 -1 723 952 315 -1 901 141 931 59
980 67 194 555 376 773 -1 732 -1 806 53 -1 -1 -1 609 554 570 -1 -1 232 -1 250 989 -1 -1 843 -1 -1 -1 549 921 606 -1 986 260 71 547 195 906 191 76 664 247 368 958 332 51 468 925 320 -1 391 625 -1 -1 -1 848 478 886 -1 485 978 956 -1 818 576 18 443 -1 521 798 -1 755 -1 602 591 549 838 -1 816 387 601 -1 176 0 507 636 415 922 -1 65 17 272 120 228 337 -1 504 372 216 620 473 419 26
-1 299 -1 364 339 -1 18 -1 -1 -1 173 -1 676 923 392 777 675 553 632 -1 -1 134 646 113 890 902 430 898 370 -1 644 557 858 872 -1 5 332 -1 817 727 343 -1 -1 166 606 -1 596 507 -1 588 547 712 614 127 -1 583 158 221 -1 837 684 467 -1 50 397 348 496 -1 -1 -1 -1 258 893 432 516 -1 89 -1 277 183 769 674 58 77 -1 0 572 869 262 473 879 487 -1 427 -1 243 79 -1 413 -1 438 609 910 -1
482 303 -1 937 510 16 872 -1 216 17 961 -1 373 -1 163 595 671 456 505 553 47 821 441 85 -1 652 310 363 849 150 250 429 933 78 -1 188 -1 235 726 854 -1 374 887 -1 948 68 874 -1 475 762 -1 500 200 714 1000 601 -1 806 -1 179 572 649 742 -1 967 -1 442 760 231 416 706 969 -1 -1 -1 -1 374 -1 -1 903 -1 904 952 25 608 63 0 135 -1 -1 368 451 -1 507 974 861 35 -1 290 -1 -1 -1 116 296
-1 670 550 752 901 644 320 -1 -1 -1 847 -1 -1 937 523 191 121 230 43 85 253 -1 -1 141 454 86 404 228 898 -1 187 6 574 508 301 625 359 257 410 444 -1 639 725 648 -1 897 -1 83 132 616 977 503 823 962 -1 912 181 226 345 128 487 678 92 -1 135 639 139 948 -1 771 531 965 460 -1 -1 900 525 584 163 -1 -1 417 741 -1 -1 195 438 0 145 390 970 174 -1 674 454 46 -1 408 419 -1 835 46 82 85
-1 624 235 -1 -1 718 689 731 726 904 759 257 -1 562 345 254 494 435 -1 940 326 663 529 315 209 212 949 126 499 -1 862 -1 116 571 904 767 198 314 -1 842 152 -1 191 586 986 49 -1 815 104 813 -1 618 -1 -1 671 179 -1 665 229 982 711 289 335 250 467 221 308 -1 121 674 -1 697 917 -1 933 724 248 162 -1 363 770 806 732 509 58 863 380 150 0 70 460 -1 373 -1 -1 67 216 -1 -1 254 -1 193 329 -1
738 680 137 651 988 671 -1 -1 897 -1 315 583 616 -1 312 596 416 204 -1 -1 654 154 753 -1 776 -1 171 -1 537 702 109 -1 512 286 718 -1 273 159 211 661 804 -1 -1 902 101 547 857 108 -1 -1 477 296 318 -1 -1 554 97 898 -1 701 923 163 84 252 -1 851 -1 -1 191 -1 838 684 35 -1 233 207 830 535 462 253 953 -1 26 269 812 452 105 -1 788 0 605 -1 -1 486 671 311 -1 772 10 27 356 254 313 -1
764 -1 52 255 815 91 856 -1 170 231 295 -1 -1 -1 610 734 212 632 809 688 834 738 312 652 40 689 908 857 903 -1 865 627 239 710 832 -1 44 145 -1 809 817 351 367 -1 -1 473 -1 913 452 -1 -1 531 592 44 -1 87 42 607 178 529 620 145 -1 617 -1 530 267 494 -1 706 -1 749 -1 187 633 -1 -1 934 10 -1 257 -1 484 983 807 918 430 627 806 -1 0 822 773 895 -1 729 942 274 346 46 860 480 316 -1
-1 -1 623 620 817 910 -1 -1 117 884 117 203 -1 137 852 998 365 -1 9 -1 632 218 511 539 787 567 578 78 698 926 324 -1 673 899 -1 907 -1 -1 791 520 -1 58 558 21 682 949 213 861 977 933 -1 -1 337 89 -1 -1 927 850 770 681 363 -1 44 498 781 544 128 -1 128 -1 -1 -1 -1 249 -1 528 913 435 139 533 311 759 611 310 421 -1 236 -1 880 -1 613 0 -1 676 488 966 111 387 294 -1 52 885 518 715
75 574 181 950 639 469 610 -1 884 918 865 319 615 23 -1 412 701 276 986 932 601 409 419 182 254 503 268 545 33 781 -1 -1 -1 165 894 15 -1 301 291 75 -1 256 37 797 926 456 894 113 342 -1 507 49 -1 -1 18 -1 660 181 549 14 -1 162 19 303 269 167 873 962 860 27 815 321 -1 438 -1 987 788 333 -1 704 72 591 924 -1 98 558 -1 937 -1 332 -1 387 0 611 -1 498 591 248 886 432 513 918 -1 -1
322 323 59 333 843 776 -1 -1 544 883 836 494 -1 925 564 984 523 849 -1 -1 703 629 466 868 627 533 38 468 512 570 607 -1 -1 660 292 263 156 -1 784 -1 958 96 430 -1 467 682 862 907 -1 392 -1 -1 364 263 783 295 -1 -1 531 330 445 607 578 -1 -1 818 469 797 562 -1 277 -1 -1 871 549 846 178 932 151 762 -1 718 -1 -1 470 704 565 -1 179 327 148 -1 48 0 897 373 285 753 289 297 766 -1 236 299
-1 915 333 769 307 791 513 355 -1 639 43 -1 956 -1 -1 -1 -1 660 358 -1 -1 955 -1 76 738 -1 92 -1 798 -1 789 473 -1 780 -1 205 -1 864 595 539 683 297 719 502 -1 110 627 41 265 -1 979 -1 509 -1 746 914 792 -1 -1 564 935 592 103 -1 -1 47 104 114 -1 444 -1 952 -1 49 559 723 944 278 -1 560 621 160 -1 -1 718 -1 183 -1 978 -1 -1 -1 -1 329 0 697 691 12 689 424 252 613 913 -1
-1 573 165 -1 494 -1 775 -1 -1 949 -1 639 182 875 -1 474 399 355 479 644 719 828 -1 772 428 -1 530 -1 52 858 -1 84 625 869 995 37 -1 680 320 703 493 6 578 -1 -1 923 -1 780 -1 216 622 -1 996 157 296 63 77 873 98 978 -1 230 609 78 -1 866 499 603 514 93 981 780 558 649 828 480 -1 107 340 537 -1 820 680 213 644 231 -1 563 527 386 606 913 998 -1 -1 0 102 523 628 -1 262 -1 826 475
821 651 39 -1 776 649 527 292 872 49 973 711 200 502 150 506 -1 68 646 583 -1 -1 338 74 -1 669 620 -1 593 58 306 -1 337 433 934 613 341 922 -1 118 885 758 211 26 720 737 -1 43 153 743 -1 29 536 972 290 -1 -1 70 -1 -1 255 553 142 601 753 273 563 708 926 779 -1 102 393 87 524 451 541 607 808 124 982 662 800 655 941 429 -1 -1 875 -1 313 859 542 -1 855 664 0 100 51 25 732 727 474 128
124 784 913 663 329 544 -1 -1 463 764 203 347 878 402 -1 228 295 -1 971 152 734 885 779 -1 531 468 294 501 80 690 832 678 324 892 294 629 593 413 924 -1 806 831 368 252 644 517 -1 514 572 -1 815 799 294 914 739 714 634 357 -1 724 875 23 771 421 61 -1 -1 159 717 784 745 133 936 1 123 -1 -1 845 101 211 394 507 975 372 820 965 834 529 77 84 -1 206 50 738 -1 956 726 0 545 156 266 357 319 -1
504 920 810 905 708 484 218 -1 73 376 229 86 143 615 788 -1 532 553 961 890 305 -1 788 897 167 -1 894 468 907 308 169 397 -1 928 -1 731 -1 620 900 801 274 -1 792 -1 -1 191 203 -1 510 235 103 997 335 760 474 65 299 764 266 715 854 177 -1 625 816 312 785 832 37 926 535 45 306 24 -1 889 865 399 -1 705 535 348 706 197 -1 -1 -1 574 -1 -1 609 239 767 100 115 -1 513 -1 0 -1 -1 92 73 498
486 853 984 634 359 211 167 417 984 935 395 992 369 755 -1 252 -1 -1 553 325 264 41 2 24 406 667 928 34 93 -1 528 435 707 108 687 372 -1 -1 761 517 234 155 513 507 827 -1 176 938 505 689 647 -1 384 398 -1 158 139 179 -1 -1 850 264 681 225 762 838 702 905 614 732 332 696 413 396 522 -1 -1 310 538 655 549 276 33 -1 290 877 759 907 997 639 792 56 282 261 -1 603 781 18 889 0 736 43 28 874
525 326 89 63 915 303 275 63 -1 -1 379 602 272 -1 314 150 676 808 156 215 142 -1 -1 891 -1 -1 91 -1 933 808 6 926 744 277 404 186 614 -1 333 684 -1 575 -1 -1 435 -1 -1 736 604 594 -1 -1 609 -1 12 254 -1 518 548 672 -1 598 -1 313 227 -1 962 -1 55 846 171 419 817 -1 709 -1 -1 -1 339 704 669 -1 333 332 -1 -1 -1 -1 348 136 189 -1 -1 110 -1 170 -1 218 -1 937 0 252 -1 5
-1 688 392 826 -1 844 653 -1 -1 -1 218 -1 -1 514 605 198 -1 -1 -1 465 -1 883 427 823 -1 854 122 832 902 799 131 575 494 501 585 -1 49 -1 -1 300 909 107 680 688 -1 270 436 499 957 222 57 188 -1 126 -1 850 835 -1 661 150 69 -1 511 313 878 864 588 -1 645 175 -1 300 771 353 -1 288 -1 789 437 -1 299 495 312 -1 145 -1 132 -1 -1 229 958 466 610 368 -1 735 -1 -1 14 821 21 0 -1 30
255 122 570 44 925 -1 391 17 530 202 -1 546 667 -1 466 -1 576 954 803 569 8 522 -1 -1 -1 127 -1 9 687 -1 585 586 -1 52 -1 -1 279 809 -1 -1 -1 -1 -1 -1 177 -1 499 550 791 671 383 234 263 371 516 345 158 562 582 875 334 512 313 -1 456 190 258 455 410 948 981 -1 -1 807 219 -1 377 141 449 894 -1 413 644 790 -1 -1 830 413 337 -1 861 936 621 396 -1 888 698 951 659 26 668 554 0 763
277 865 272 826 -1 988 -1 -1 641 623 208 -1 -1 523 44 735 82 676 -1 203 -1 474 570 659 -1 920 783 617 -1 -1 186 356 -1 532 963 -1 -1 781 193 -1 666 284 201 657 187 253 624 -1 161 344 -1 227 611 240 -1 211 -1 278 28 -1 228 -1 -1 995 303 -1 544 -1 790 672 706 400 15 866 -1 352 305 767 959 960 -1 -1 664 -1 559 -1 -1 980 137 -1 888 549 797 -1 500 38 745 189 329 -1 764 899 -1 0
